1 singularities detected in predictor variables
These variables are linearly related to earlier ones:
Best subsets found of 1 variables
     R.S.S.          Variable numbers
460248.4690047051    0   6   
520532.9979611507    0   7   
Best subsets found of 2 variables
     R.S.S.          Variable numbers
323622.5635631303    0   6   8   
339949.7483736006    0   1   6   
dXblock[8]=278.971000
dXblock[17]=800.768000
dXblock[26]=791.070000
dXblock[35]=281.056000
dXblock[44]=98.856900
dXblock[53]=61.885600
dXblock[62]=583.021000
dXblock[71]=926.702000
dXblock[2]=113.464000
dXblock[11]=214.647000
dXblock[20]=731.524000
dXblock[29]=721.769000
dXblock[38]=775.028000
dXblock[47]=366.383000
dXblock[56]=136.676000
dXblock[65]=548.420000
dXblock[3]=388.936000
dXblock[12]=256.455000
dXblock[21]=660.831000
dXblock[30]=197.717000
dXblock[39]=355.068000
dXblock[48]=421.213000
dXblock[57]=903.151000
dXblock[66]=920.908000
dXblock[4]=266.124000
dXblock[13]=666.293000
dXblock[22]=979.489000
dXblock[31]=576.463000
dXblock[40]=991.863000
dXblock[49]=875.901000
dXblock[58]=280.619000
dXblock[67]=865.615000
dXblock[5]=764.916000
dXblock[14]=50.730500
dXblock[23]=959.345000
dXblock[32]=14.932400
dXblock[41]=432.564000
dXblock[50]=82.397200
dXblock[59]=6.558070
dXblock[68]=934.839000
dXblock[6]=421.019000
dXblock[15]=797.288000
dXblock[24]=752.007000
dXblock[33]=311.181000
dXblock[42]=569.715000
dXblock[51]=152.737000
dXblock[60]=624.920000
dXblock[69]=695.936000
dXblock[7]=493.972000
dXblock[16]=267.526000
dXblock[25]=74.790300
dXblock[34]=965.399000
dXblock[43]=248.318000
dXblock[52]=536.732000
dXblock[61]=478.337000
dXblock[70]=220.682000
dXblock[0]=1.000000
dXblock[9]=1.000000
dXblock[18]=1.000000
dXblock[27]=1.000000
dXblock[36]=1.000000
dXblock[45]=1.000000
dXblock[54]=1.000000
dXblock[63]=1.000000
dXblock[1]=293.164000
dXblock[10]=657.537000
dXblock[19]=716.014000
dXblock[28]=869.882000
dXblock[37]=386.418000
dXblock[46]=45.605600
dXblock[55]=288.738000
dXblock[64]=789.518000
3 is exactly linearly related to earlier variables
5 is exactly linearly related to earlier variables
7 is exactly linearly related to earlier variables
3 singularities detected in predictor variables
These variables are linearly related to earlier ones:
3
5
7
Best subsets found of 1 variables
     R.S.S.          Variable numbers
5.138739642358678e-312    0   1   
1.79769e+308    0   0   
Best subsets found of 2 variables
     R.S.S.          Variable numbers
5.138739642358678e-312    0   1   2   
1.79769e+308    0   0   0   
Gold Time: 0.4949131980538368 ms
GPU Time: 2622.92254390195 ms
