dXblock[0]=3.571000 w=1.000000 cbar=0.000000 sbar=1.000000 di=0.000000
dXblock[1]=1.976000 w=1.000000 cbar=0.000000 sbar=1.000000 di=0.000000
dXblock[2]=557.000000 w=1.000000 cbar=0.000000 sbar=1.000000 di=0.000000
dXblock[3]=52.500000 w=1.000000 cbar=0.000000 sbar=1.000000 di=0.000000
dXblock[1]=1029.000000 w=1.000000 cbar=0.000000 sbar=1.000000 di=0.000000
dXblock[2]=9.000000 w=1.000000 cbar=0.000000 sbar=1.000000 di=0.000000
dXblock[3]=540.000000 w=1.000000 cbar=0.000000 sbar=1.000000 di=0.000000

dXblock[5]=771.000000 w=1.000000 cbar=0.000000 sbar=1.000000 di=0.000000
dXblock[6]=9.000000 w=1.000000 cbar=0.000000 sbar=1.000000 di=0.000000
dXblock[7]=441.000000 w=1.000000 cbar=0.000000 sbar=1.000000 di=0.000000
dXblock[4]=4.092000 w=1.000000 cbar=0.000000 sbar=1.000000 di=0.000000
dXblock[5]=1.250000 w=1.000000 cbar=0.000000 sbar=1.000000 di=0.000000
dXblock[6]=404.000000 w=1.000000 cbar=0.000000 sbar=1.000000 di=0.000000
dXblock[7]=57.200000 w=1.000000 cbar=0.000000 sbar=1.000000 di=0.000000
dXblock[9]=462.000000 w=1.000000 cbar=0.000000 sbar=1.000000 di=0.000000
dXblock[10]=9.000000 w=1.000000 cbar=0.000000 sbar=1.000000 di=0.000000
dXblock[11]=268.000000 w=1.000000 cbar=0.000000 sbar=1.000000 di=0.000000
dXblock[8]=3.865000 w=1.000000 cbar=0.000000 sbar=1.000000 di=0.000000
dXblock[9]=1.586000 w=1.000000 cbar=0.000000 sbar=1.000000 di=0.000000
dXblock[10]=259.000000 w=1.000000 cbar=0.000000 sbar=1.000000 di=0.000000
dXblock[11]=58.000000 w=1.000000 cbar=0.000000 sbar=1.000000 di=0.000000
dXblock[13]=5787.000000 w=1.000000 cbar=0.000000 sbar=1.000000 di=0.000000
dXblock[14]=7.500000 w=1.000000 cbar=0.000000 sbar=1.000000 di=0.000000
dXblock[15]=3060.000000 w=1.000000 cbar=0.000000 sbar=1.000000 di=0.000000
dXblock[12]=-262139.193477 w=1.000000 cbar=0.000000 sbar=1.000000 di=0.000000
dXblock[13]=2.343187 w=1.000000 cbar=0.000000 sbar=1.000000 di=0.000000
dXblock[14]=2363.999992 w=1.000000 cbar=0.000000 sbar=1.000000 di=0.000000
dXblock[15]=-1995.100492 w=1.000000 cbar=0.000000 sbar=1.000000 di=0.000000
Overall Time: 419.7512696337071 ms
