r[0] = 1029
r[1] = 9
r[2] = 540
Hello
r[0] = 900
r[1] = 9
r[2] = 490.5
r[3] = 0
r[4] = 0.3837209302325582
Hello
r[0] = 754
r[1] = 9
r[2] = 416.3333333333333
r[3] = 0
r[4] = 0.4823300946779338
Hello
r[0] = 2012.25
r[1] = 8.625
r[2] = 1077.25
r[3] = -0.0002955257992907146
r[4] = 0.5249053736137796
r[5] = -144.0662001017505
Hello
QR-factorization is not singular
Overall Time: 0.5103368312120438 ms
